date_time,fraction,Tf,ug_frac,ug_sum
10:24:20 AM,-1,100.05025,0,0
10:36:54 AM,0,150.076313,0,0
11:09:44 AM,1,310.128613,69.0575,69.0575
11:21:20 AM,2,367.517033,105.8081,174.8656
11:30:26 AM,3,412.740639,82.6288,257.4944
11:42:58 AM,4,475.35704,92.8373,350.3317
11:56:53 AM,5,545.007816,85.8715,436.2032
12:09:48 PM,6,610.073625,98.7222,534.9254
12:20:00 PM,7,661.483059,101.7247,636.6501
12:32:54 PM,8,725.812337,125.8648,762.5149
1:28:08 PM,9,997.381426,87.7931,850.308